Game is Draw
KTS	ID	FD	KD	LT
88	5	0	80	80
54	3	3	50	53
54	15	1	39	40
54	23	1	39	40
44	13	6	29	35
40	17	2	25	27
0	21	7	-15	-8
36	22	10	21	31
36	14	5	21	26
25	4	0	22	22
23	16	3	8	11
23	19	11	8	19
23	24	3	8	11
23	11	11	8	19
21	12	9	6	15
21	20	9	6	15
15	10	13	0	13
15	18	13	0	13
10	1	8	2	10
10	2	6	2	8
0	6	0	-10	-10
0	7	3	-10	-7
0	8	-12	0	-12
0	9	0	0	0
.................................................
.................................................
Castle Total Damage =0.984142 
Total Enemies = 24
Average First-Shot Delay =4.66667
Average Kill Delay =14.125
